0	-0.0059629
0.0058594	-0.0056854
0.011719	-0.0057589
0.017578	-0.0058306
0.023438	-0.0056119
0.029297	-0.0057962
0.035156	-0.0055751
0.041016	-0.0054017
0.046875	-0.0055381
0.052734	-0.0053859
0.058594	-0.0055846
0.064453	-0.005693
0.070313	-0.0055759
0.076172	-0.0059792
0.082031	-0.005926
0.087891	-0.0059148
0.09375	-0.0059854
0.099609	-0.0052966
0.10547	-0.0045469
0.11133	-0.0038321
0.11719	-0.0033047
0.12305	-0.003445
0.12891	-0.0036445
0.13477	-0.0043017
0.14063	-0.0051026
0.14648	-0.004897
0.15234	-0.0051664
0.1582	-0.004439
0.16406	-0.0028063
0.16992	-0.00093784
0.17578	0.0019027
0.18164	0.0043169
0.1875	0.0052223
0.19336	0.0030377
0.19922	0.0012018
0.20508	0.0012828
0.21094	0.0021636
0.2168	0.0023161
0.22266	0.0020658
0.22852	0.0011634
0.23438	0.00054801
0.24023	0.0011262
0.24609	0.0017926
0.25195	0.0019759
0.25781	0.0012758
0.26367	-0.00064576
0.26953	-0.0043357
0.27539	-0.0053391
0.28125	-0.0041692
0.28711	-0.0015064
0.29297	-0.0011441
0.29883	-0.0023701
0.30469	-0.0045997
0.31055	-0.0071983
0.31641	-0.0077666
0.32227	-0.0081234
0.32813	-0.0081776
0.33398	-0.0079943
0.33984	-0.0080069
0.3457	-0.0079021
0.35156	-0.0046162
0.35742	0.002592
0.36328	0.013663
0.36914	0.021918
0.375	0.029771
0.38086	0.037253
0.38672	0.043357
0.39258	0.048276
0.39844	0.045823
0.4043	0.040332
0.41016	0.041267
0.41602	0.031389
0.42188	0.021696
0.42773	0.014016
0.43359	0.0098012
0.43945	0.0082102
0.44531	0.0057953
0.45117	0.001278
0.45703	-0.0065734
0.46289	-0.014028
0.46875	-0.020679
0.47461	-0.025594
0.48047	-0.02796
0.48633	-0.027087
0.49219	-0.02836
0.49805	-0.029174
0.50391	-0.027083
0.50977	-0.01354
0.51563	0.0060035
0.52148	0.021221
0.52734	0.027019
0.5332	0.02487
0.53906	0.01663
0.54492	0.0058818
0.55078	-0.006998
0.55664	-0.027096
0.5625	-0.04166
0.56836	-0.055151
0.57422	-0.067107
0.58008	-0.070968
0.58594	-0.062737
0.5918	-0.043595
0.59766	-0.019453
0.60352	-0.0060723
0.60938	-0.00098832
0.61523	0.0046685
0.62109	0.012002
0.62695	0.020605
0.63281	0.029572
0.63867	0.035626
0.64453	0.03815
0.65039	0.036606
0.65625	0.038243
0.66211	0.033419
0.66797	0.024944
0.67383	0.016924
0.67969	-0.0046693
0.68555	-0.031935
0.69141	-0.060241
0.69727	-0.08487
0.70313	-0.091881
0.70898	-0.096148
0.71484	-0.09987
0.7207	-0.10492
0.72656	-0.11483
0.73242	-0.11332
0.73828	-0.10512
0.74414	-0.093615
0.75	-0.085602
0.75586	-0.079253
0.76172	-0.069011
0.76758	-0.051746
0.77344	-0.02343
0.7793	0.0085749
0.78516	0.035973
0.79102	0.056304
0.79688	0.070809
0.80273	0.093399
0.80859	0.11821
0.81445	0.13762
0.82031	0.13174
0.82617	0.11113
0.83203	0.081866
0.83789	0.045367
0.84375	0.0022978
0.84961	-0.033219
0.85547	-0.051574
0.86133	-0.052657
0.86719	-0.038015
0.87305	-0.013065
0.87891	0.013876
0.88477	0.043263
0.89063	0.076546
0.89648	0.099927
0.90234	0.10769
0.9082	0.10312
0.91406	0.090221
0.91992	0.076904
0.92578	0.066287
0.93164	0.05801
0.9375	0.051315
0.94336	0.036476
0.94922	0.017584
0.95508	-0.0058164
0.96094	-0.033903
0.9668	-0.065012
0.97266	-0.08939
0.97852	-0.10787
0.98438	-0.11989
0.99023	-0.11887
0.99609	-0.098667
1.002	-0.076316
1.0078	-0.05828
1.0137	-0.04503
1.0195	-0.020822
1.0254	0.0074873
1.0313	0.035775
1.0371	0.055976
1.043	0.061418
1.0488	0.054932
1.0547	0.039356
1.0605	0.020667
1.0664	0.0079848
1.0723	-0.0029403
1.0781	-0.011687
1.084	-0.016089
1.0898	-0.0049644
1.0957	0.013783
1.1016	0.03511
1.1074	0.05225
1.1133	0.055772
1.1191	0.056989
1.125	0.054389
1.1309	0.045551
1.1367	0.026099
1.1426	0.006767
1.1484	-0.011313
1.1543	-0.02691
1.1602	-0.029909
1.166	-0.030426
1.1719	-0.028137
1.1777	-0.022872
1.1836	-0.015694
1.1895	-0.015662
1.1953	-0.019906
1.2012	-0.025951
1.207	-0.025816
1.2129	-0.0084076
1.2188	0.0080163
1.2246	0.012276
1.2305	-0.015546
1.2363	-0.046698
1.2422	-0.068216
1.248	-0.077881
1.2539	-0.083915
1.2598	-0.097284
1.2656	-0.11394
1.2715	-0.1314
1.2773	-0.14496
1.2832	-0.12947
1.2891	-0.088424
1.2949	-0.029902
1.3008	0.029018
1.3066	0.080648
1.3125	0.12989
1.3184	0.17483
1.3242	0.21099
1.3301	0.2192
1.3359	0.21412
1.3418	0.1989
1.3477	0.17646
1.3535	0.15588
1.3594	0.13591
1.3652	0.11961
1.3711	0.11028
1.377	0.12036
1.3828	0.13866
1.3887	0.15598
1.3945	0.1641
1.4004	0.15022
1.4063	0.1144
1.4121	0.064745
1.418	0.0075425
1.4238	-0.043436
1.4297	-0.071336
1.4355	-0.08523
1.4414	-0.093231
1.4473	-0.12228
1.4531	-0.15891
1.459	-0.19545
1.4648	-0.23004
1.4707	-0.26711
1.4766	-0.31209
1.4824	-0.35282
1.4883	-0.38138
1.4941	-0.38133
1.5	-0.34235
1.5059	-0.27262
1.5117	-0.17839
1.5176	-0.071409
1.5234	0.0076654
1.5293	0.060413
1.5352	0.086816
1.541	0.085834
1.5469	0.062279
1.5527	0.037302
1.5586	0.013403
1.5645	-0.00838
1.5703	-0.016025
1.5762	-0.01106
1.582	0.0020114
1.5879	0.017882
1.5938	0.036254
1.5996	0.048191
1.6055	0.050351
1.6113	0.0402
1.6172	0.029601
1.623	0.0079776
1.6289	-0.022809
1.6348	-0.061569
1.6406	-0.10986
1.6465	-0.158
1.6523	-0.20509
1.6582	-0.25064
1.6641	-0.29482
1.6699	-0.33997
1.6758	-0.38026
1.6816	-0.41297
1.6875	-0.43661
1.6934	-0.43461
1.6992	-0.41251
1.7051	-0.37257
1.7109	-0.31726
1.7168	-0.2635
1.7227	-0.20887
1.7285	-0.1507
1.7344	-0.082503
1.7402	-0.010006
1.7461	0.04804
1.752	0.088062
1.7578	0.1085
1.7637	0.099814
1.7695	0.077384
1.7754	0.047886
1.7813	0.019869
1.7871	0.0090018
1.793	0.023418
1.7988	0.05995
1.8047	0.11371
1.8105	0.20165
1.8164	0.29691
1.8223	0.38413
1.8281	0.44804
1.834	0.47168
1.8398	0.46525
1.8457	0.43549
1.8516	0.38877
1.8574	0.34062
1.8633	0.2949
1.8691	0.25144
1.875	0.21089
1.8809	0.18058
1.8867	0.18563
1.8926	0.20202
1.8984	0.21173
1.9043	0.16883
1.9102	0.10073
1.916	0.032507
1.9219	-0.027842
1.9277	-0.08444
1.9336	-0.10873
1.9395	-0.096083
1.9453	-0.053426
1.9512	-0.0087007
1.957	0.039959
1.9629	0.057525
1.9688	0.04829
1.9746	0.040064
1.9805	0.084999
1.9863	0.12942
1.9922	0.15696
1.998	0.14911
2.0039	0.11332
2.0098	0.070502
2.0156	0.031695
2.0215	0.010846
2.0273	0.04257
2.0332	0.076273
2.0391	0.10158
2.0449	0.10903
2.0508	0.070361
2.0566	0.033163
2.0625	-0.011973
2.0684	-0.073686
2.0742	-0.15647
2.0801	-0.21683
2.0859	-0.24257
2.0918	-0.22467
2.0977	-0.15731
2.1035	-0.063198
2.1094	0.033218
2.1152	0.11637
2.1211	0.16532
2.127	0.20195
2.1328	0.224
2.1387	0.22806
2.1445	0.20139
2.1504	0.10991
2.1563	-0.012327
2.1621	-0.14524
2.168	-0.24978
2.1738	-0.2844
2.1797	-0.25324
2.1855	-0.17166
2.1914	-0.081144
2.1973	0.0031868
2.2031	0.08634
2.209	0.15696
2.2148	0.18789
2.2207	0.16348
2.2266	0.13028
2.2324	0.10522
2.2383	0.10879
2.2441	0.15209
2.25	0.20323
2.2559	0.25223
2.2617	0.28858
2.2676	0.29552
2.2734	0.27307
2.2793	0.22401
2.2852	0.15235
2.291	0.10623
2.2969	0.056572
2.3027	0.010006
2.3086	-0.027091
2.3145	-0.033503
2.3203	-0.026309
2.3262	0.0023995
2.332	0.056562
2.3379	0.12639
2.3438	0.1825
2.3496	0.21868
2.3555	0.23131
2.3613	0.21682
2.3672	0.19535
2.373	0.17044
2.3789	0.1394
2.3848	0.084473
2.3906	0.026959
2.3965	-0.034141
2.4023	-0.096905
2.4082	-0.15405
2.4141	-0.19971
2.4199	-0.23858
2.4258	-0.26777
2.4316	-0.27767
2.4375	-0.24344
2.4434	-0.17927
2.4492	-0.091461
2.4551	0.011912
2.4609	0.095839
2.4668	0.17663
2.4727	0.25434
2.4785	0.32717
2.4844	0.37137
2.4902	0.39159
2.4961	0.38261
2.502	0.33891
2.5078	0.25983
2.5137	0.15901
2.5195	0.046524
2.5254	-0.068158
2.5313	-0.17541
2.5371	-0.27771
2.543	-0.34989
2.5488	-0.37256
2.5547	-0.31806
2.5605	-0.26571
2.5664	-0.244
2.5723	-0.26761
2.5781	-0.33394
2.584	-0.39233
2.5898	-0.43727
2.5957	-0.46535
2.6016	-0.4705
2.6074	-0.44705
2.6133	-0.40244
2.6191	-0.34022
2.625	-0.26573
2.6309	-0.18752
2.6367	-0.1107
2.6426	-0.039631
2.6484	0.016308
2.6543	0.039962
2.6602	0.02932
2.666	-0.012326
2.6719	-0.077923
2.6777	-0.15771
2.6836	-0.23027
2.6895	-0.28385
2.6953	-0.3024
2.7012	-0.29909
2.707	-0.28595
2.7129	-0.26711
2.7188	-0.24696
2.7246	-0.23419
2.7305	-0.21263
2.7363	-0.18538
2.7422	-0.15574
2.748	-0.11985
2.7539	-0.082275
2.7598	-0.032779
2.7656	0.035711
2.7715	0.11128
2.7773	0.17785
2.7832	0.23132
2.7891	0.2684
2.7949	0.2818
2.8008	0.27863
2.8066	0.27229
2.8125	0.26851
2.8184	0.26613
2.8242	0.27987
2.8301	0.30943
2.8359	0.3555
2.8418	0.4214
2.8477	0.48845
2.8535	0.56351
2.8594	0.64261
2.8652	0.7073
2.8711	0.74816
2.877	0.78108
2.8828	0.80542
2.8887	0.81251
2.8945	0.79472
2.9004	0.71031
2.9063	0.5354
2.9121	0.23334
2.918	-0.079962
2.9238	-0.35095
2.9297	-0.57508
2.9355	-0.75123
2.9414	-0.86477
2.9473	-0.94384
2.9531	-0.99043
2.959	-1.0062
2.9648	-0.97572
2.9707	-0.92992
2.9766	-0.8418
2.9824	-0.68673
2.9883	-0.42064
2.9941	-0.18883
3	-0.01181
3.0059	0.095906
3.0117	0.12623
3.0176	0.094872
3.0234	-0.003764
3.0293	-0.16785
3.0352	-0.35769
3.041	-0.53449
3.0469	-0.70151
3.0527	-0.8515
3.0586	-0.94133
3.0645	-0.99981
3.0703	-1.0175
3.0762	-0.98934
3.082	-0.90722
3.0879	-0.56856
3.0938	-0.099607
3.0996	0.44264
3.1055	0.97451
3.1113	1.3619
3.1172	1.5661
3.123	1.6173
3.1289	1.5869
3.1348	1.4191
3.1406	1.1156
3.1465	0.71321
3.1523	0.26911
3.1582	-0.2074
3.1641	-0.57712
3.1699	-0.80607
3.1758	-0.8623
3.1816	-0.78737
3.1875	-0.60741
3.1934	-0.34395
3.1992	-0.020637
3.2051	0.28087
3.2109	0.58673
3.2168	0.83965
3.2227	0.98374
3.2285	0.81257
3.2344	0.46578
3.2402	0.054121
3.2461	-0.35481
3.252	-0.71417
3.2578	-0.99592
3.2637	-1.2337
3.2695	-1.44
3.2754	-1.6048
3.2813	-1.6864
3.2871	-1.6792
3.293	-1.5485
3.2988	-1.1561
3.3047	-0.53369
3.3105	0.034971
3.3164	0.48103
3.3223	0.80198
3.3281	0.96122
3.334	1.0298
3.3398	1.0209
3.3457	0.93493
3.3516	0.85545
3.3574	0.83505
3.3633	0.86299
3.3691	0.9097
3.375	0.93479
3.3809	0.94807
3.3867	0.95469
3.3926	0.96081
3.3984	0.95651
3.4043	0.93528
3.4102	0.89532
3.416	0.83515
3.4219	0.74669
3.4277	0.62458
3.4336	0.47499
3.4395	0.30714
3.4453	0.20445
3.4512	0.18284
3.457	0.21665
3.4629	0.291
3.4688	0.41999
3.4746	0.55114
3.4805	0.70704
3.4863	0.89186
3.4922	1.0545
3.498	1.1234
3.5039	1.1276
3.5098	1.0809
3.5156	1.0011
3.5215	0.94895
3.5273	0.93603
3.5332	0.96124
3.5391	1.0088
3.5449	1.0512
3.5508	1.0911
3.5566	1.1199
3.5625	1.1133
3.5684	1.0637
3.5742	0.97134
3.5801	0.84059
3.5859	0.67969
3.5918	0.48424
3.5977	0.27526
3.6035	0.06516
3.6094	-0.12964
3.6152	-0.26135
3.6211	-0.38353
3.627	-0.49556
3.6328	-0.59387
3.6387	-0.59164
3.6445	-0.57104
3.6504	-0.57991
3.6563	-0.66117
3.6621	-0.78118
3.668	-0.94988
3.6738	-1.1512
3.6797	-1.3731
3.6855	-1.6053
3.6914	-1.7983
3.6973	-1.967
3.7031	-2.1224
3.709	-2.2889
3.7148	-2.4284
3.7207	-2.5689
3.7266	-2.7241
3.7324	-2.9056
3.7383	-3.018
3.7441	-3.111
3.75	-3.2037
3.7559	-3.3101
3.7617	-3.423
3.7676	-3.5126
3.7734	-3.5758
3.7793	-3.6241
3.7852	-3.6482
3.791	-3.7051
3.7969	-3.7911
3.8027	-3.8769
3.8086	-3.9176
3.8145	-3.8649
3.8203	-3.6614
3.8262	-3.213
3.832	-1.6269
3.8379	0.12582
3.8438	1.6875
3.8496	2.6608
3.8555	3.3834
3.8613	3.9402
3.8672	4.3252
3.873	4.5328
3.8789	4.5746
3.8848	4.6328
3.8906	4.6894
3.8965	4.7258
3.9023	4.6674
3.9082	4.5404
3.9141	4.3485
3.9199	4.0705
3.9258	3.4602
3.9316	2.7447
3.9375	1.9304
3.9434	1.0283
3.9492	0.099887
3.9551	-0.48957
3.9609	-0.9117
3.9668	-1.2082
3.9727	-1.2869
3.9785	-1.195
3.9844	-0.86522
3.9902	-0.26294
3.9961	0.67098
4.002	1.378
4.0078	1.8981
4.0137	2.2636
4.0195	2.5354
4.0254	2.6483
4.0313	2.6569
4.0371	2.5723
4.043	2.3991
4.0488	2.114
4.0547	1.7906
4.0605	1.4343
4.0664	1.0433
4.0723	0.60498
4.0781	0.14313
4.084	-0.33054
4.0898	-0.80341
4.0957	-1.2751
4.1016	-1.6685
4.1074	-2.0011
4.1133	-2.2891
4.1191	-2.4965
4.125	-2.6111
4.1309	-2.6636
4.1367	-2.6747
4.1426	-2.6356
4.1484	-2.5374
4.1543	-2.4205
4.1602	-2.305
4.166	-2.1803
4.1719	-2.0632
4.1777	-1.9678
4.1836	-1.8925
4.1895	-1.7952
4.1953	-1.7166
4.2012	-1.6856
4.207	-1.688
4.2129	-1.6301
4.2188	-1.5187
4.2246	-1.3254
4.2305	-1.0232
4.2363	-0.54867
4.2422	-0.2012
4.248	0.10037
4.2539	0.36147
4.2598	0.56389
4.2656	0.63946
4.2715	0.67757
4.2773	0.69249
4.2832	0.69191
4.2891	0.68679
4.2949	0.65698
4.3008	0.6004
4.3066	0.516
4.3125	0.39394
4.3184	0.26684
4.3242	0.14023
4.3301	0.018181
4.3359	-0.15651
4.3418	-0.34743
4.3477	-0.51774
4.3535	-0.63726
4.3594	-0.68941
4.3652	-0.67146
4.3711	-0.57444
4.377	-0.39084
4.3828	-0.10688
4.3887	0.15393
4.3945	0.41283
4.4004	0.67482
4.4063	0.90797
4.4121	1.088
4.418	1.2156
4.4238	1.2941
4.4297	1.3398
4.4355	1.3548
4.4414	1.334
4.4473	1.2883
4.4531	1.2597
4.459	1.2854
4.4648	1.2916
4.4707	1.2616
4.4766	1.1881
4.4824	1.0951
4.4883	0.98712
4.4941	0.8722
4.5	0.7647
4.5059	0.64055
4.5117	0.51915
4.5176	0.41254
4.5234	0.33634
4.5293	0.33471
4.5352	0.35456
4.541	0.36637
4.5469	0.33906
4.5527	0.28379
4.5586	0.23234
4.5645	0.18837
4.5703	0.15548
4.5762	0.14727
4.582	0.17919
4.5879	0.22024
4.5938	0.24653
4.5996	0.22468
4.6055	0.20419
4.6113	0.18879
4.6172	0.1828
4.623	0.20441
4.6289	0.26498
4.6348	0.32411
4.6406	0.35576
4.6465	0.30646
4.6523	0.24712
4.6582	0.19575
4.6641	0.1627
4.6699	0.16739
4.6758	0.15505
4.6816	0.1181
4.6875	0.056369
4.6934	-0.026148
4.6992	-0.13797
4.7051	-0.28812
4.7109	-0.46225
4.7168	-0.62628
4.7227	-0.76616
4.7285	-0.8889
4.7344	-0.98196
4.7402	-1.0227
4.7461	-1.0265
4.752	-0.98409
4.7578	-0.88488
4.7637	-0.71644
4.7695	-0.48757
4.7754	-0.28642
4.7813	-0.13313
4.7871	-0.045959
4.793	-0.047228
4.7988	-0.10441
4.8047	-0.20242
4.8105	-0.32849
4.8164	-0.46688
4.8223	-0.56655
4.8281	-0.64492
4.834	-0.71333
4.8398	-0.78296
4.8457	-0.80847
4.8516	-0.80419
4.8574	-0.77478
4.8633	-0.71039
4.8691	-0.61335
4.875	-0.47755
4.8809	-0.29619
4.8867	-0.048905
4.8926	0.25153
4.8984	0.55056
4.9043	0.82716
4.9102	1.0573
4.916	1.2362
4.9219	1.3869
4.9277	1.5178
4.9336	1.6382
4.9395	1.7625
4.9453	1.8898
4.9512	2.012
4.957	2.1138
4.9629	2.1778
4.9688	2.2088
4.9746	2.204
4.9805	2.1587
4.9863	2.0662
4.9922	1.9859
4.998	1.9293
5.0039	1.9061
5.0098	1.9227
5.0156	1.9442
5.0215	1.9666
5.0273	1.9862
5.0332	1.9947
5.0391	2.0004
5.0449	1.9957
5.0508	1.9737
5.0566	1.9134
5.0625	1.762
5.0684	1.5709
5.0742	1.36
5.0801	1.0825
5.0859	0.71153
5.0918	0.31139
5.0977	-0.083345
5.1035	-0.42179
5.1094	-0.7478
5.1152	-1.0538
5.1211	-1.33
5.127	-1.5471
5.1328	-1.7614
5.1387	-1.9523
5.1445	-2.1193
5.1504	-2.2731
5.1563	-2.419
5.1621	-2.5381
5.168	-2.6277
5.1738	-2.6879
5.1797	-2.7119
5.1855	-2.6986
5.1914	-2.6397
5.1973	-2.521
5.2031	-2.3265
5.209	-2.1174
5.2148	-1.9056
5.2207	-1.7016
5.2266	-1.4933
5.2324	-1.2841
5.2383	-1.0858
5.2441	-0.91138
5.25	-0.85053
5.2559	-0.8404
5.2617	-0.84866
5.2676	-0.85205
5.2734	-0.871
5.2793	-0.88537
5.2852	-0.90844
5.291	-0.94963
5.2969	-1.0237
5.3027	-1.121
5.3086	-1.2157
5.3145	-1.3014
5.3203	-1.4083
5.3262	-1.5163
5.332	-1.6013
5.3379	-1.6391
5.3438	-1.5593
5.3496	-1.4136
5.3555	-1.2511
5.3613	-1.0928
5.3672	-0.96705
5.373	-0.81499
5.3789	-0.65884
5.3848	-0.49748
5.3906	-0.31849
5.3965	-0.088271
5.4023	0.13072
5.4082	0.30328
5.4141	0.37758
5.4199	0.36659
5.4258	0.34041
5.4316	0.29284
5.4375	0.20805
5.4434	0.068832
5.4492	-0.063229
5.4551	-0.16256
5.4609	-0.20398
5.4668	-0.17335
5.4727	-0.11391
5.4785	-0.011088
5.4844	0.14665
5.4902	0.34986
5.4961	0.53255
5.502	0.70976
5.5078	0.89061
5.5137	1.0677
5.5195	1.2476
5.5254	1.4086
5.5313	1.5362
5.5371	1.6067
5.543	1.6868
5.5488	1.7784
5.5547	1.8855
5.5605	2.0245
5.5664	2.1427
5.5723	2.2607
5.5781	2.3818
5.584	2.4969
5.5898	2.6069
5.5957	2.6939
5.6016	2.7538
5.6074	2.7845
5.6133	2.7855
5.6191	2.7895
5.625	2.7978
5.6309	2.804
5.6367	2.8198
5.6426	2.8257
5.6484	2.8194
5.6543	2.7997
5.6602	2.7555
5.666	2.6891
5.6719	2.5823
5.6777	2.4132
5.6836	2.192
5.6895	1.974
5.6953	1.7591
5.7012	1.546
5.707	1.3201
5.7129	1.092
5.7188	0.88184
5.7246	0.70245
5.7305	0.52044
5.7363	0.2969
5.7422	0.092576
5.748	-0.074377
5.7539	-0.34879
5.7598	-0.67152
5.7656	-0.97791
5.7715	-1.243
5.7773	-1.4847
5.7832	-1.6696
5.7891	-1.8107
5.7949	-1.9092
5.8008	-1.9533
5.8066	-1.951
5.8125	-1.9273
5.8184	-1.8884
5.8242	-1.8352
5.8301	-1.8144
5.8359	-1.8221
5.8418	-1.8542
5.8477	-1.9042
5.8535	-1.9303
5.8594	-1.9494
5.8652	-1.958
5.8711	-1.9461
5.877	-1.913
5.8828	-1.8561
5.8887	-1.7648
5.8945	-1.6246
5.9004	-1.256
5.9063	-0.82315
5.9121	-0.36916
5.918	0.06341
5.9238	0.34286
5.9297	0.5241
5.9355	0.62917
5.9414	0.6774
5.9473	0.6763
5.9531	0.66542
5.959	0.63944
5.9648	0.596
5.9707	0.54796
5.9766	0.4961
5.9824	0.4463
5.9883	0.40023
5.9941	0.34952
6	0.28073
6.0059	0.19217
6.0117	0.080349
6.0176	-0.068073
6.0234	-0.24861
6.0293	-0.42836
6.0352	-0.60253
6.041	-0.78624
6.0469	-0.94303
6.0527	-1.0706
6.0586	-1.1705
6.0645	-1.2475
6.0703	-1.3035
6.0762	-1.351
6.082	-1.3906
6.0879	-1.42
6.0938	-1.4412
6.0996	-1.4539
6.1055	-1.4663
6.1113	-1.4914
6.1172	-1.5182
6.123	-1.5461
6.1289	-1.572
6.1348	-1.592
6.1406	-1.6235
6.1465	-1.6552
6.1523	-1.6921
6.1582	-1.7383
6.1641	-1.7789
6.1699	-1.8091
6.1758	-1.7578
6.1816	-1.5741
6.1875	-1.2635
6.1934	-0.94949
6.1992	-0.64997
6.2051	-0.36808
6.2109	-0.044561
6.2168	0.23251
6.2227	0.45602
6.2285	0.6201
6.2344	0.71088
6.2402	0.77994
6.2461	0.84547
6.252	0.91122
6.2578	0.96915
6.2637	1.0123
6.2695	1.0448
6.2754	1.0581
6.2813	1.0229
6.2871	0.95372
6.293	0.88185
6.2988	0.82232
6.3047	0.79808
6.3105	0.82271
6.3164	0.84462
6.3223	0.82428
6.3281	0.70182
6.334	0.55396
6.3398	0.30054
6.3457	-0.019226
6.3516	-0.3461
6.3574	-0.67294
6.3633	-0.96617
6.3691	-1.2131
6.375	-1.4022
6.3809	-1.5322
6.3867	-1.6508
6.3926	-1.7387
6.3984	-1.7793
6.4043	-1.7415
6.4102	-1.6546
6.416	-1.5194
6.4219	-1.3404
6.4277	-1.1639
6.4336	-0.98694
6.4395	-0.83437
6.4453	-0.72354
6.4512	-0.69094
6.457	-0.72285
6.4629	-0.80502
6.4688	-0.92723
6.4746	-1.0635
6.4805	-1.1341
6.4863	-1.1688
6.4922	-1.1647
6.498	-1.0838
6.5039	-0.96424
6.5098	-0.7637
6.5156	-0.48997
6.5215	-0.18315
6.5273	0.070468
6.5332	0.27977
6.5391	0.44023
6.5449	0.53953
6.5508	0.59305
6.5566	0.62
6.5625	0.62891
6.5684	0.63007
6.5742	0.63878
6.5801	0.65296
6.5859	0.67348
6.5918	0.70135
6.5977	0.74161
6.6035	0.79317
6.6094	0.85935
6.6152	0.94339
6.6211	1.0581
6.627	1.1842
6.6328	1.3046
6.6387	1.4051
6.6445	1.4561
6.6504	1.4307
6.6563	1.3659
6.6621	1.2849
6.668	1.2176
6.6738	1.1671
6.6797	1.1414
6.6855	1.1435
6.6914	1.1688
6.6973	1.1968
6.7031	1.2022
6.709	1.1542
6.7148	0.96137
6.7207	0.6968
6.7266	0.42224
6.7324	0.14002
6.7383	-0.18429
6.7441	-0.45262
6.75	-0.69907
6.7559	-0.92482
6.7617	-1.1199
6.7676	-1.2562
6.7734	-1.3588
6.7793	-1.4246
6.7852	-1.4437
6.791	-1.4057
6.7969	-1.2687
6.8027	-1.021
6.8086	-0.6509
6.8145	-0.33829
6.8203	-0.10004
6.8262	0.07822
6.832	0.2128
6.8379	0.33181
6.8438	0.43838
6.8496	0.52912
6.8555	0.60064
6.8613	0.63865
6.8672	0.65807
6.873	0.66957
6.8789	0.67832
6.8848	0.67174
6.8906	0.63012
6.8965	0.5639
6.9023	0.48025
6.9082	0.39607
6.9141	0.35929
6.9199	0.36341
6.9258	0.40455
6.9316	0.47424
6.9375	0.56682
6.9434	0.64262
6.9492	0.68409
6.9551	0.66638
6.9609	0.60406
6.9668	0.50231
6.9727	0.36846
6.9785	0.21793
6.9844	0.071003
6.9902	-0.075091
6.9961	-0.20718
7.002	-0.29898
7.0078	-0.34156
7.0137	-0.36457
7.0195	-0.36882
7.0254	-0.35198
7.0313	-0.32422
7.0371	-0.29431
7.043	-0.25773
7.0488	-0.20912
7.0547	-0.12056
7.0605	0.0021659
7.0664	0.13925
7.0723	0.27314
7.0781	0.41333
7.084	0.53791
7.0898	0.63946
7.0957	0.7125
7.1016	0.75302
7.1074	0.774
7.1133	0.77818
7.1191	0.76494
7.125	0.71977
7.1309	0.65989
7.1367	0.55391
7.1426	0.39248
7.1484	0.19421
7.1543	0.00078769
7.1602	-0.18627
7.166	-0.36866
7.1719	-0.55475
7.1777	-0.66438
7.1836	-0.71595
7.1895	-0.71692
7.1953	-0.67637
7.2012	-0.5505
7.207	-0.38771
7.2129	-0.21059
7.2188	-0.051806
7.2246	0.11817
7.2305	0.2531
7.2363	0.34504
7.2422	0.38793
7.248	0.40944
7.2539	0.41499
7.2598	0.40886
7.2656	0.39613
7.2715	0.36439
7.2773	0.33121
7.2832	0.29965
7.2891	0.27269
7.2949	0.26612
7.3008	0.27367
7.3066	0.29064
7.3125	0.31461
7.3184	0.36606
7.3242	0.41862
7.3301	0.47617
7.3359	0.53981
7.3418	0.59755
7.3477	0.63995
7.3535	0.67567
7.3594	0.70736
7.3652	0.72758
7.3711	0.73585
7.377	0.73345
7.3828	0.71907
7.3887	0.68519
7.3945	0.61755
7.4004	0.52303
7.4063	0.40411
7.4121	0.263
7.418	0.12267
7.4238	0.0015826
7.4297	-0.090059
7.4355	-0.13471
7.4414	-0.15519
7.4473	-0.14796
7.4531	-0.11338
7.459	-0.052479
7.4648	0.014171
7.4707	0.092091
7.4766	0.17733
7.4824	0.26369
7.4883	0.31394
7.4941	0.34436
7.5	0.35416
7.5059	0.34216
7.5117	0.28141
7.5176	0.17661
7.5234	0.044497
7.5293	-0.099252
7.5352	-0.23493
7.541	-0.37254
7.5469	-0.50488
7.5527	-0.62396
7.5586	-0.69151
7.5645	-0.72379
7.5703	-0.73506
7.5762	-0.73141
7.582	-0.70564
7.5879	-0.66168
7.5938	-0.61544
7.5996	-0.57119
7.6055	-0.51944
7.6113	-0.47331
7.6172	-0.44492
7.623	-0.43913
7.6289	-0.46113
7.6348	-0.50158
7.6406	-0.55247
7.6465	-0.61114
7.6523	-0.675
7.6582	-0.72918
7.6641	-0.7666
7.6699	-0.78979
7.6758	-0.80599
7.6816	-0.82439
7.6875	-0.83566
7.6934	-0.84283
7.6992	-0.85218
7.7051	-0.85624
7.7109	-0.84657
7.7168	-0.82405
7.7227	-0.79041
7.7285	-0.70178
7.7344	-0.55718
7.7402	-0.38648
7.7461	-0.21901
7.752	-0.054073
7.7578	0.093282
7.7637	0.20087
7.7695	0.25351
7.7754	0.27478
7.7813	0.27502
7.7871	0.26149
7.793	0.24027
7.7988	0.23014
7.8047	0.22985
7.8105	0.23848
7.8164	0.25529
7.8223	0.27762
7.8281	0.30147
7.834	0.34029
7.8398	0.39673
7.8457	0.46282
7.8516	0.51555
7.8574	0.54808
7.8633	0.55402
7.8691	0.51798
7.875	0.41406
7.8809	0.28517
7.8867	0.14635
7.8926	0.015443
7.8984	-0.067654
7.9043	-0.12651
7.9102	-0.17365
7.916	-0.22666
7.9219	-0.28743
7.9277	-0.36573
7.9336	-0.45895
7.9395	-0.56248
7.9453	-0.66816
7.9512	-0.76533
7.957	-0.84917
7.9629	-0.91505
7.9688	-0.96196
7.9746	-1.0015
7.9805	-1.0283
7.9863	-1.0379
7.9922	-1.0267
7.998	-1.0019
8.0039	-0.95717
8.0098	-0.88861
8.0156	-0.79657
8.0215	-0.6999
8.0273	-0.60783
8.0332	-0.52608
8.0391	-0.46226
8.0449	-0.40598
8.0508	-0.36317
8.0566	-0.33423
8.0625	-0.30944
8.0684	-0.28317
8.0742	-0.251
8.0801	-0.21106
8.0859	-0.1611
8.0918	-0.092216
8.0977	-0.015472
8.1035	0.063159
8.1094	0.13358
8.1152	0.19992
8.1211	0.2794
8.127	0.37644
8.1328	0.49545
8.1387	0.6042
8.1445	0.69451
8.1504	0.77616
8.1563	0.8656
8.1621	0.93888
8.168	0.99903
8.1738	1.0444
8.1797	1.0727
8.1855	1.0786
8.1914	1.0672
8.1973	1.034
8.2031	0.97476
8.209	0.86862
8.2148	0.73045
8.2207	0.57646
8.2266	0.41898
8.2324	0.26501
8.2383	0.11267
8.2441	-0.038062
8.25	-0.18415
8.2559	-0.29899
8.2617	-0.38338
8.2676	-0.44675
8.2734	-0.4914
8.2793	-0.50869
8.2852	-0.50818
8.291	-0.48595
8.2969	-0.4398
8.3027	-0.366
8.3086	-0.24937
8.3145	-0.11992
8.3203	0.0080763
8.3262	0.11242
8.332	0.16719
8.3379	0.19577
8.3438	0.20216
8.3496	0.18593
8.3555	0.15994
8.3613	0.13362
8.3672	0.10673
8.373	0.076915
8.3789	0.045678
8.3848	0.019303
8.3906	0.0017852
8.3965	-0.0019965
8.4023	0.021157
8.4082	0.067563
8.4141	0.13427
8.4199	0.21766
8.4258	0.28975
8.4316	0.33585
8.4375	0.36337
8.4434	0.37881
8.4492	0.38729
8.4551	0.38683
8.4609	0.37658
8.4668	0.35498
8.4727	0.31166
8.4785	0.25511
8.4844	0.19148
8.4902	0.12404
8.4961	0.0555
8.502	-0.0039534
8.5078	-0.049606
8.5137	-0.077128
8.5195	-0.074307
8.5254	-0.023917
8.5313	0.080817
8.5371	0.23219
8.543	0.39634
8.5488	0.52082
8.5547	0.61148
8.5605	0.67345
8.5664	0.71663
8.5723	0.73552
8.5781	0.73096
8.584	0.70456
8.5898	0.65886
8.5957	0.57351
8.6016	0.4762
8.6074	0.37913
8.6133	0.29735
8.6191	0.26035
8.625	0.24348
8.6309	0.23905
8.6367	0.23911
8.6426	0.25451
8.6484	0.27501
8.6543	0.2959
8.6602	0.31279
8.666	0.32356
8.6719	0.31924
8.6777	0.3031
8.6836	0.27804
8.6895	0.25237
8.6953	0.22837
8.7012	0.20515
8.707	0.18241
8.7129	0.16136
8.7188	0.15684
8.7246	0.16042
8.7305	0.16817
8.7363	0.17727
8.7422	0.1693
8.748	0.14953
8.7539	0.11952
8.7598	0.07907
8.7656	0.040251
8.7715	0.0070316
8.7773	-0.020776
8.7832	-0.046421
8.7891	-0.068271
8.7949	-0.089366
8.8008	-0.11047
8.8066	-0.13217
8.8125	-0.15589
8.8184	-0.17309
8.8242	-0.18271
8.8301	-0.18444
8.8359	-0.18774
8.8418	-0.18769
8.8477	-0.18563
8.8535	-0.18375
8.8594	-0.17443
8.8652	-0.1634
8.8711	-0.15472
8.877	-0.15239
8.8828	-0.158
8.8887	-0.17253
8.8945	-0.19832
8.9004	-0.23694
8.9063	-0.28341
8.9121	-0.32449
8.918	-0.35439
8.9238	-0.36958
8.9297	-0.37156
8.9355	-0.36137
8.9414	-0.34332
8.9473	-0.31987
8.9531	-0.29461
8.959	-0.2711
8.9648	-0.25282
8.9707	-0.23998
8.9766	-0.22766
8.9824	-0.21054
8.9883	-0.1859
8.9941	-0.15068
9	-0.096716
9.0059	-0.025961
9.0117	0.050688
9.0176	0.13207
9.0234	0.22068
9.0293	0.30146
9.0352	0.37129
9.041	0.42742
9.0469	0.46497
9.0527	0.48232
9.0586	0.48247
9.0645	0.46637
9.0703	0.43491
9.0762	0.39288
9.082	0.3515
9.0879	0.30746
9.0938	0.25653
9.0996	0.2017
9.1055	0.15753
9.1113	0.127
9.1172	0.11318
9.123	0.13448
9.1289	0.17529
9.1348	0.22559
9.1406	0.2773
9.1465	0.31517
9.1523	0.34077
9.1582	0.35599
9.1641	0.36068
9.1699	0.34661
9.1758	0.32597
9.1816	0.30173
9.1875	0.27454
9.1934	0.24147
9.1992	0.20507
9.2051	0.1708
9.2109	0.13913
9.2168	0.10538
9.2227	0.071262
9.2285	0.032933
9.2344	-0.010121
9.2402	-0.056958
9.2461	-0.098044
9.252	-0.1265
9.2578	-0.14206
9.2637	-0.14626
9.2695	-0.15353
9.2754	-0.15858
9.2813	-0.16375
9.2871	-0.17393
9.293	-0.19354
9.2988	-0.21003
9.3047	-0.22711
9.3105	-0.25055
9.3164	-0.27639
9.3223	-0.30946
9.3281	-0.35135
9.334	-0.40315
9.3398	-0.44627
9.3457	-0.48243
9.3516	-0.51461
9.3574	-0.54382
9.3633	-0.54638
9.3691	-0.54206
9.375	-0.52476
9.3809	-0.49104
9.3867	-0.44389
9.3926	-0.39045
9.3984	-0.34003
9.4043	-0.29726
9.4102	-0.26438
9.416	-0.23656
9.4219	-0.21368
9.4277	-0.197
9.4336	-0.19234
9.4395	-0.19438
9.4453	-0.19394
9.4512	-0.18992
9.457	-0.18649
9.4629	-0.18098
9.4688	-0.17439
9.4746	-0.16867
9.4805	-0.16831
9.4863	-0.17432
9.4922	-0.17843
9.498	-0.18057
9.5039	-0.18256
9.5098	-0.18163
9.5156	-0.17719
9.5215	-0.17143
9.5273	-0.16762
9.5332	-0.15851
9.5391	-0.14841
9.5449	-0.13761
9.5508	-0.12623
9.5566	-0.12195
9.5625	-0.1182
9.5684	-0.11036
9.5742	-0.094927
9.5801	-0.085127
9.5859	-0.072465
9.5918	-0.05842
9.5977	-0.044072
9.6035	-0.0305
9.6094	-0.014025
9.6152	0.0079352
9.6211	0.035689
9.627	0.06082
9.6328	0.081301
9.6387	0.10091
9.6445	0.11932
9.6504	0.12693
9.6563	0.12668
9.6621	0.12486
9.668	0.12071
9.6738	0.1043
9.6797	0.081543
9.6855	0.048716
9.6914	0.0084587
9.6973	-0.029503
9.7031	-0.054911
9.709	-0.07109
9.7148	-0.075676
9.7207	-0.062212
9.7266	-0.020158
9.7324	0.03316
9.7383	0.093714
9.7441	0.15781
9.75	0.20543
9.7559	0.23601
9.7617	0.25168
9.7676	0.25521
9.7734	0.24318
9.7793	0.22489
9.7852	0.2005
9.791	0.17034
9.7969	0.14396
9.8027	0.12439
9.8086	0.10917
9.8145	0.096478
9.8203	0.087629
9.8262	0.076477
9.832	0.064361
9.8379	0.052334
9.8438	0.043029
9.8496	0.033606
9.8555	0.023913
9.8613	0.012665
9.8672	-0.0077283
9.873	-0.024566
9.8789	-0.035652
9.8848	-0.037896
9.8906	-0.021019
9.8965	0.0057912
9.9023	0.045843
9.9082	0.096844
9.9141	0.14872
9.9199	0.19659
9.9258	0.24073
9.9316	0.28205
9.9375	0.3226
9.9434	0.35543
9.9492	0.3725
9.9551	0.37767
9.9609	0.37976
9.9668	0.37038
9.9727	0.3569
9.9785	0.33783
9.9844	0.31028
9.9902	0.2911
9.9961	0.27324
10.002	0.26158
10.008	0.26165
10.014	0.28445
10.02	0.31098
10.025	0.3456
10.031	0.39189
10.037	0.44731
10.043	0.48786
10.049	0.5136
10.055	0.52389
10.061	0.51147
10.066	0.48119
10.072	0.43663
10.078	0.37883
10.084	0.30308
10.09	0.21633
10.096	0.1313
10.102	0.05085
10.107	-0.035538
10.113	-0.13778
10.119	-0.23502
10.125	-0.32002
10.131	-0.38806
10.137	-0.44258
10.143	-0.48152
10.148	-0.50422
10.154	-0.5097
10.16	-0.49889
10.166	-0.47781
10.172	-0.44862
10.178	-0.41382
10.184	-0.38245
10.189	-0.34275
10.195	-0.29771
10.201	-0.25385
10.207	-0.22611
10.213	-0.19979
10.219	-0.17653
10.225	-0.15921
10.23	-0.14489
10.236	-0.12807
10.242	-0.10834
10.248	-0.085834
10.254	-0.07899
10.26	-0.069821
10.266	-0.056863
10.271	-0.039526
10.277	-0.025663
10.283	-0.0064318
10.289	0.017966
10.295	0.046023
10.301	0.06472
10.307	0.08525
10.313	0.10268
10.318	0.11227
10.324	0.098432
10.33	0.0558
10.336	-0.00097836
10.342	-0.069228
10.348	-0.15775
10.354	-0.23279
10.359	-0.29258
10.365	-0.33434
10.371	-0.35033
10.377	-0.3344
10.383	-0.29713
10.389	-0.23977
10.395	-0.1605
10.4	-0.082466
10.406	-0.018882
10.412	0.028727
10.418	0.060096
10.424	0.059863
10.43	0.036515
10.436	-0.0046037
10.441	-0.056947
10.447	-0.10818
10.453	-0.15799
10.459	-0.2027
10.465	-0.23845
10.471	-0.25932
10.477	-0.2725
10.482	-0.28001
10.488	-0.28354
10.494	-0.28148
10.5	-0.28196
10.506	-0.28204
10.512	-0.27994
10.518	-0.27675
10.523	-0.2693
10.529	-0.25697
10.535	-0.23759
10.541	-0.19839
10.547	-0.15136
10.553	-0.097644
10.559	-0.039467
10.564	0.014062
10.57	0.059958
10.576	0.097095
10.582	0.1245
10.588	0.13977
10.594	0.1459
10.6	0.14939
10.605	0.15371
10.611	0.16466
10.617	0.16893
10.623	0.17465
10.629	0.18232
10.635	0.19068
10.641	0.18463
10.646	0.17242
10.652	0.15454
10.658	0.13048
10.664	0.11447
10.67	0.093641
10.676	0.072241
10.682	0.056084
10.688	0.052428
10.693	0.050624
10.699	0.047855
10.705	0.041645
10.711	0.034722
10.717	0.024324
10.723	0.013833
10.729	0.0060754
10.734	0.0064888
10.74	0.0069777
10.746	0.0024531
10.752	-0.0091401
10.758	-0.020685
10.764	-0.035461
10.77	-0.051236
10.775	-0.06647
10.781	-0.077641
10.787	-0.086611
10.793	-0.08986
10.799	-0.087572
10.805	-0.085251
10.811	-0.06833
10.816	-0.047619
10.822	-0.027571
10.828	-0.014106
10.834	-0.0026176
10.84	0.0023305
10.846	0.0019596
10.852	0.00075886
10.857	-0.0075789
10.863	-0.019491
10.869	-0.032797
10.875	-0.04438
10.881	-0.051383
10.887	-0.048988
10.893	-0.03621
10.898	-0.01214
10.904	0.021636
10.91	0.055871
10.916	0.088195
10.922	0.11624
10.928	0.12555
10.934	0.13037
10.939	0.12922
10.945	0.12073
10.951	0.10056
10.957	0.081941
10.963	0.067929
10.969	0.060348
10.975	0.057731
10.98	0.060683
10.986	0.069049
10.992	0.082171
10.998	0.095639
11.004	0.11307
11.01	0.13603
11.016	0.16578
11.021	0.20549
11.027	0.24957
11.033	0.29103
11.039	0.3282
11.045	0.36185
11.051	0.38893
11.057	0.40432
11.063	0.40488
11.068	0.38475
11.074	0.34429
11.08	0.28632
11.086	0.21858
11.092	0.15554
11.098	0.10376
11.104	0.065411
11.109	0.038411
11.115	0.019423
11.121	0.0013022
11.127	-0.019547
11.133	-0.043648
11.139	-0.071392
11.145	-0.096265
11.15	-0.11161
11.156	-0.1183
11.162	-0.11701
11.168	-0.097326
11.174	-0.060832
11.18	-0.018452
11.186	0.02179
11.191	0.05571
11.197	0.083028
11.203	0.10183
11.209	0.11005
11.215	0.099794
11.221	0.089525
11.227	0.08442
11.232	0.084941
11.238	0.081451
11.244	0.087416
11.25	0.094925
11.256	0.10074
11.262	0.10166
11.268	0.096854
11.273	0.080454
11.279	0.051436
11.285	0.010544
11.291	-0.030603
11.297	-0.075466
11.303	-0.12045
11.309	-0.15615
11.314	-0.18703
11.32	-0.21415
11.326	-0.2374
11.332	-0.25633
11.338	-0.26736
11.344	-0.2771
11.35	-0.28111
11.355	-0.27302
11.361	-0.25833
11.367	-0.24162
11.373	-0.22514
11.379	-0.2111
11.385	-0.20025
11.391	-0.19899
11.396	-0.20535
11.402	-0.21789
11.408	-0.23957
11.414	-0.26468
11.42	-0.29422
11.426	-0.32857
11.432	-0.36494
11.438	-0.39765
11.443	-0.42608
11.449	-0.44948
11.455	-0.46513
11.461	-0.47384
11.467	-0.47125
11.473	-0.45418
11.479	-0.41521
11.484	-0.35576
11.49	-0.27682
11.496	-0.18315
11.502	-0.090104
11.508	-0.0089382
11.514	0.057652
11.52	0.10693
11.525	0.13287
11.531	0.14359
11.537	0.14444
11.543	0.13579
11.549	0.11677
11.555	0.084185
11.561	0.048592
11.566	0.0094403
11.572	-0.035395
11.578	-0.071387
11.584	-0.10271
11.59	-0.12381
11.596	-0.12833
11.602	-0.12644
11.607	-0.12172
11.613	-0.11274
11.619	-0.098225
11.625	-0.076631
11.631	-0.052112
11.637	-0.02575
11.643	0.0017349
11.648	0.030564
11.654	0.064412
11.66	0.099818
11.666	0.13407
11.672	0.16004
11.678	0.17438
11.684	0.18048
11.689	0.17915
11.695	0.16771
11.701	0.16064
11.707	0.15567
11.713	0.1522
11.719	0.15067
11.725	0.14369
11.73	0.13124
11.736	0.11315
11.742	0.088817
11.748	0.062111
11.754	0.039873
11.76	0.022451
11.766	0.0083694
11.771	0.012298
11.777	0.022016
11.783	0.035706
11.789	0.052481
11.795	0.078573
11.801	0.10286
11.807	0.12377
11.813	0.14012
11.818	0.15565
11.824	0.16895
11.83	0.17691
11.836	0.17662
11.842	0.17376
11.848	0.17162
11.854	0.17149
11.859	0.17494
11.865	0.19261
11.871	0.21652
11.877	0.24391
11.883	0.27281
11.889	0.29967
11.895	0.32104
11.9	0.34073
11.906	0.35884
11.912	0.3649
11.918	0.36285
11.924	0.3562
11.93	0.34485
11.936	0.32308
11.941	0.28556
11.947	0.2427
11.953	0.19497
11.959	0.13519
11.965	0.077406
11.971	0.026619
11.977	-0.015226
11.982	-0.045391
11.988	-0.044266
11.994	-0.027711
12	0.0013675
12.006	0.041499
12.012	0.084673
12.018	0.12372
12.023	0.15704
12.029	0.18308
12.035	0.19741
12.041	0.20212
12.047	0.199
12.053	0.19008
12.059	0.16256
12.064	0.1311
12.07	0.096983
12.076	0.061374
12.082	0.02448
12.088	-0.0087135
12.094	-0.038605
12.1	-0.06504
12.105	-0.083039
12.111	-0.090238
12.117	-0.097768
12.123	-0.10962
12.129	-0.11256
12.135	-0.11501
12.141	-0.1179
12.146	-0.12187
12.152	-0.12808
12.158	-0.12784
12.164	-0.1306
12.17	-0.13768
12.176	-0.14354
12.182	-0.14291
12.188	-0.14108
12.193	-0.13972
12.199	-0.14044
12.205	-0.13279
12.211	-0.12257
12.217	-0.11375
12.223	-0.11296
12.229	-0.10836
12.234	-0.1017
12.24	-0.094387
12.246	-0.088375
12.252	-0.089799
12.258	-0.098577
12.264	-0.11239
12.27	-0.12831
12.275	-0.15821
12.281	-0.18687
12.287	-0.21509
12.293	-0.24372
12.299	-0.26426
12.305	-0.27036
12.311	-0.26413
12.316	-0.2463
12.322	-0.20233
12.328	-0.15087
12.334	-0.096787
12.34	-0.044011
12.346	-0.0029162
12.352	0.038866
12.357	0.079404
12.363	0.11793
12.369	0.15505
12.375	0.18766
12.381	0.21615
12.387	0.23852
12.393	0.24553
12.398	0.23916
12.404	0.22271
12.41	0.1948
12.416	0.14834
12.422	0.10064
12.428	0.057873
12.434	0.019816
12.439	-0.016661
12.445	-0.041797
12.451	-0.062349
12.457	-0.077736
12.463	-0.085285
12.469	-0.097728
12.475	-0.10429
12.48	-0.10867
12.486	-0.1172
12.492	-0.13373
12.498	-0.15065
12.504	-0.1701
12.51	-0.1946
12.516	-0.22229
12.521	-0.2511
12.527	-0.28166
12.533	-0.31366
12.539	-0.32783
12.545	-0.33451
12.551	-0.33437
12.557	-0.3273
12.563	-0.30727
12.568	-0.27177
12.574	-0.23234
12.58	-0.19334
12.586	-0.14491
12.592	-0.091459
12.598	-0.037532
12.604	0.015244
12.609	0.06732
12.615	0.11508
12.621	0.15286
12.627	0.17806
12.633	0.18715
12.639	0.18664
12.645	0.1694
12.65	0.1369
12.656	0.09706
12.662	0.058349
12.668	0.02645
12.674	0.00036847
12.68	-0.023558
12.686	-0.031118
12.691	-0.019624
12.697	0.0085338
12.703	0.049364
12.709	0.10523
12.715	0.16073
12.721	0.2093
12.727	0.24387
12.732	0.26062
12.738	0.26427
12.744	0.25481
12.75	0.2324
12.756	0.19776
12.762	0.15945
12.768	0.12179
12.773	0.088117
12.779	0.060274
12.785	0.040058
12.791	0.025579
12.797	0.017066
12.803	0.025565
12.809	0.04188
12.814	0.062516
12.82	0.085512
12.826	0.10791
12.832	0.13074
12.838	0.15144
12.844	0.16994
12.85	0.1895
12.855	0.19396
12.861	0.1851
12.867	0.16385
12.873	0.13154
12.879	0.078423
12.885	0.012055
12.891	-0.063086
12.896	-0.13968
12.902	-0.19828
12.908	-0.24468
12.914	-0.28013
12.92	-0.30551
12.926	-0.31379
12.932	-0.30573
12.938	-0.2873
12.943	-0.26659
12.949	-0.23933
12.955	-0.21064
12.961	-0.18195
12.967	-0.15467
12.973	-0.13109
12.979	-0.10726
12.984	-0.084412
12.99	-0.064501
12.996	-0.067498
13.002	-0.08593
13.008	-0.11582
13.014	-0.15478
13.02	-0.20357
13.025	-0.24915
13.031	-0.28862
13.037	-0.31972
13.043	-0.33703
13.049	-0.34335
13.055	-0.34295
13.061	-0.33596
13.066	-0.31553
13.072	-0.27869
13.078	-0.24024
13.084	-0.20377
13.09	-0.16755
13.096	-0.14775
13.102	-0.1397
13.107	-0.14135
13.113	-0.14983
13.119	-0.15467
13.125	-0.16258
13.131	-0.17074
13.137	-0.17153
13.143	-0.15447
13.148	-0.13485
13.154	-0.11268
13.16	-0.085879
13.166	-0.049832
13.172	-0.012454
13.178	0.023678
13.184	0.055944
13.189	0.083216
13.195	0.10625
13.201	0.12311
13.207	0.13181
13.213	0.12368
13.219	0.10483
13.225	0.082051
13.23	0.060073
13.236	0.036805
13.242	0.015757
13.248	-0.0023524
13.254	-0.016206
13.26	-0.018216
13.266	-0.024537
13.271	-0.035556
13.277	-0.049239
13.283	-0.052726
13.289	-0.048555
13.295	-0.034282
13.301	-0.010628
13.307	0.016119
13.313	0.037848
13.318	0.055466
13.324	0.06927
13.33	0.079469
13.336	0.088376
13.342	0.093737
13.348	0.095856
13.354	0.096215
13.359	0.089406
13.365	0.081824
13.371	0.073703
13.377	0.064206
13.383	0.062659
13.389	0.062644
13.395	0.06837
13.4	0.086022
13.406	0.10515
13.412	0.12511
13.418	0.14538
13.424	0.16539
13.43	0.18122
13.436	0.18727
13.441	0.18565
13.447	0.17806
13.453	0.1621
13.459	0.13624
13.465	0.10053
13.471	0.055425
13.477	0.0062238
13.482	-0.039419
13.488	-0.083308
13.494	-0.12486
13.5	-0.15444
13.506	-0.18217
13.512	-0.20163
13.518	-0.21202
13.523	-0.2208
13.529	-0.21652
13.535	-0.20536
13.541	-0.19007
13.547	-0.17447
13.553	-0.1682
13.559	-0.15935
13.564	-0.14778
13.57	-0.13911
13.576	-0.14891
13.582	-0.15487
13.588	-0.15678
13.594	-0.16006
13.6	-0.1603
13.605	-0.14928
13.611	-0.13017
13.617	-0.10873
13.623	-0.076154
13.629	-0.034131
13.635	0.013214
13.641	0.061119
13.646	0.10946
13.652	0.14788
13.658	0.17561
13.664	0.19205
13.67	0.19304
13.676	0.19014
13.682	0.18672
13.688	0.18518
13.693	0.18614
13.699	0.18498
13.705	0.18498
13.711	0.18754
13.717	0.18948
13.723	0.19062
13.729	0.18962
13.734	0.18492
13.74	0.171
13.746	0.16295
13.752	0.16106
13.758	0.1653
13.764	0.17505
13.77	0.18271
13.775	0.18811
13.781	0.18997
13.787	0.18459
13.793	0.17594
13.799	0.1658
13.805	0.15379
13.811	0.13835
13.816	0.11871
13.822	0.097441
13.828	0.075942
13.834	0.056128
13.84	0.03707
13.846	0.020948
13.852	0.0044002
13.857	-0.017133
13.863	-0.025508
13.869	-0.022243
13.875	-0.012866
13.881	-0.0030315
13.887	0.0087079
13.893	0.023046
13.898	0.039947
13.904	0.058668
13.91	0.066286
13.916	0.074092
13.922	0.080772
13.928	0.084939
13.934	0.080754
13.939	0.070097
13.945	0.053637
13.951	0.03253
13.957	0.012703
13.963	-0.0079313
13.969	-0.029114
13.975	-0.049628
13.98	-0.064249
13.986	-0.074635
13.992	-0.079224
13.998	-0.079079
14.004	-0.079159
14.01	-0.088937
14.016	-0.10462
14.021	-0.1233
14.027	-0.13949
14.033	-0.1563
14.039	-0.16866
14.045	-0.17606
14.051	-0.17872
14.057	-0.17818
14.063	-0.16993
14.068	-0.15521
14.074	-0.13632
14.08	-0.11441
14.086	-0.091503
14.092	-0.069347
14.098	-0.049794
14.104	-0.040274
14.109	-0.029755
14.115	-0.020212
14.121	-0.013613
14.127	-0.01585
14.133	-0.012497
14.139	-0.0046009
14.145	0.0070793
14.15	0.021765
14.156	0.047707
14.162	0.077983
14.168	0.10919
14.174	0.14268
14.18	0.17824
14.186	0.21016
14.191	0.2362
14.197	0.2566
14.203	0.27157
14.209	0.28084
14.215	0.28374
14.221	0.27792
14.227	0.26695
14.232	0.25037
14.238	0.22643
14.244	0.19034
14.25	0.15913
14.256	0.12596
14.262	0.090661
14.268	0.05515
14.273	0.034953
14.279	0.022153
14.285	0.015529
14.291	0.014478
14.297	0.018775
14.303	0.026981
14.309	0.033863
14.314	0.032877
14.32	0.029115
14.326	0.02382
14.332	0.017007
14.338	0.0087652
14.344	0.0029404
14.35	-0.0017691
14.355	-0.0045018
14.361	-0.0047353
14.367	-0.0048382
14.373	-0.0061141
14.379	-0.0081197
14.385	-0.010657
14.391	-0.014279
14.396	-0.02215
14.402	-0.030897
14.408	-0.039151
14.414	-0.047795
14.42	-0.046675
14.426	-0.037483
14.432	-0.021956
14.438	-0.0054858
14.443	0.010138
14.449	0.027835
14.455	0.046207
14.461	0.058211
14.467	0.064093
14.473	0.064928
14.479	0.062289
14.484	0.059513
14.49	0.047763
14.496	0.035002
14.502	0.022448
14.508	0.01053
14.514	-0.0077196
14.52	-0.030021
14.525	-0.05221
14.531	-0.068559
14.537	-0.082136
14.543	-0.094073
14.549	-0.10564
14.555	-0.11818
14.561	-0.1254
14.566	-0.12941
14.572	-0.13071
14.578	-0.12952
14.584	-0.11912
14.59	-0.10845
14.596	-0.097116
14.602	-0.084805
14.607	-0.07104
14.613	-0.05908
14.619	-0.047864
14.625	-0.036394
14.631	-0.021172
14.637	-0.0059583
14.643	0.0039655
14.648	0.0065207
14.654	0.0017283
14.66	-0.0053164
14.666	-0.016956
14.672	-0.034253
14.678	-0.058649
14.684	-0.077091
14.689	-0.089795
14.695	-0.096639
14.701	-0.09705
14.707	-0.096065
14.713	-0.090265
14.719	-0.079612
14.725	-0.065002
14.73	-0.046987
14.736	-0.026909
14.742	-0.0049114
14.748	0.019008
14.754	0.045735
14.76	0.067329
14.766	0.083385
14.771	0.093945
14.777	0.099723
14.783	0.099389
14.789	0.095437
14.795	0.090446
14.801	0.088218
14.807	0.086205
14.813	0.083379
14.818	0.078777
14.824	0.069384
14.83	0.059762
14.836	0.050824
14.842	0.04315
14.848	0.037175
14.854	0.034266
14.859	0.033323
14.865	0.033791
14.871	0.03511
14.877	0.03457
14.883	0.033895
14.889	0.032792
14.895	0.02751
14.9	0.020106
14.906	0.012141
14.912	0.0043661
14.918	-0.0020335
14.924	-0.0069682
14.93	-0.01045
14.936	-0.012442
14.941	-0.012814
14.947	-0.011623
14.953	-0.0084016
14.959	-0.0038851
14.965	0.00050181
14.971	0.0053352
14.977	0.0099105
14.982	0.013916
14.988	0.016985
14.994	0.019177
15	0.021124
15.006	0.022379
15.012	0.022458
15.018	0.022024
15.023	0.020459
15.029	0.018217
15.035	0.015713
15.041	0.013522
15.047	0.011357
15.053	0.0097288
15.059	0.0090311
15.064	0.0098917
15.07	0.010712
15.076	0.011593
15.082	0.01253
15.088	0.013114
15.094	0.013238
15.1	0.013063
15.105	0.012697
15.111	0.012388
15.117	0.011581
15.123	0.010601
15.129	0.0095716
15.135	0.0086209
15.141	0.0075314
15.146	0.0062631
15.152	0.0047915
15.158	0.0030684
15.164	0.001503
15.17	-2.9386e-05
15.176	-0.0015232
15.182	-0.0029291
15.188	-0.0042076
15.193	-0.0054457
15.199	-0.0066692
15.205	-0.0079061
15.211	-0.0091897
15.217	-0.010402
15.223	-0.011533
15.229	-0.012576
15.234	-0.013507
15.24	-0.014307
15.246	-0.015019
15.252	-0.015683
15.258	-0.016343
15.264	-0.016974
15.27	-0.017599
15.275	-0.01823
15.281	-0.018833
15.287	-0.019402
15.293	-0.019958
15.299	-0.020505
15.305	-0.020998
15.311	-0.021451
15.316	-0.021874
15.322	-0.022269
15.328	-0.02262
15.334	-0.022938
15.34	-0.023221
15.346	-0.023465
15.352	-0.023665
15.357	-0.023829
15.363	-0.023961
15.369	-0.024061
15.375	-0.024131
15.381	-0.024166
15.387	-0.024174
15.393	-0.024156
15.398	-0.024108
15.404	-0.024025
15.41	-0.023919
15.416	-0.023789
15.422	-0.023633
15.428	-0.023448
15.434	-0.023241
15.439	-0.023015
15.445	-0.022767
15.451	-0.022493
15.457	-0.0222
15.463	-0.021889
15.469	-0.021561
15.475	-0.021207
